%计算DCT变换系数
function res =  DCT_Coefficient(N) 
    if(N == 8)
        res = [ 0.353553390593274   0.353553390593274   0.353553390593274   0.353553390593274   0.353553390593274   0.353553390593274   0.353553390593274   0.353553390593274;
        0.490392640201615   0.415734806151273   0.277785116509801   0.097545161008064  -0.097545161008064  -0.277785116509801  -0.415734806151273  -0.490392640201615;
        0.461939766255643   0.191341716182545  -0.191341716182545  -0.461939766255643  -0.461939766255643  -0.191341716182545   0.191341716182545   0.461939766255643;
        0.415734806151273  -0.097545161008064  -0.490392640201615  -0.277785116509801   0.277785116509801   0.490392640201615   0.097545161008064  -0.415734806151273;
        0.353553390593274  -0.353553390593274  -0.353553390593274   0.353553390593274   0.353553390593274  -0.353553390593274  -0.353553390593274   0.353553390593274;
        0.277785116509801  -0.490392640201615   0.097545161008064   0.415734806151273  -0.415734806151273  -0.097545161008064   0.490392640201615  -0.277785116509801;
        0.191341716182545  -0.461939766255643   0.461939766255643  -0.191341716182545  -0.191341716182545   0.461939766255643  -0.461939766255643   0.191341716182545;
        0.097545161008064  -0.277785116509801   0.415734806151273  -0.490392640201615   0.490392640201615  -0.415734806151273   0.277785116509801  -0.097545161008064];
    else
        origin = (1:N)-1;
        A = repmat(origin,N,1);
        B = repmat(origin',1,N);
        res = sqrt(2/N)*arrayfun(@(x,y)DCT_Coefficient_Cacl(x,y,N),B,A);
        res(1,:) = res(1,:)/sqrt(2);
    end
end

function res =  DCT_Coefficient_Cacl(i,j,N)
    res = cos(i*(j+0.5)*pi/N);
end